876544
358060
242009
819448
59391
997302
782573
822084
157795
519636
215895
613500
800589
574364
499561
924716
668409
850547
97306
366054
737332
945067
282473
218783
442429
209171
58040
554431
902058
977551
802019
134457
55674
700836
284114
429135
673446
286200
431579
269395
93240
778218
905075
891157
860025
28751
594570
382639
393398
15507
615398
623571
405790
237065
804109
679479
524566
58272
354817
303272
974953
426099
423117
681183
11199
273184
154368
759265
397262
872847
955542
627897
981756
703117
153831
18225
958849
942394
511840
19253
634174
589364
801825
123101
282264
199971
617795
821526
735417
700515
731879
532927
194169
171465
237412
863046
672891
274651
307338
858990
